./image/1.jpg	3	1080	1920	3	0.068598	20.8572	242.972	263.898
./image/1.jpg	5	1080	1920	3	0.064721	21.3018	125.816	147.183
./image/1.jpg	7	1080	1920	3	0.066473	21.7573	276.133	297.957
./image/1.jpg	9	1080	1920	3	0.066275	22.8194	499.076	521.962
./image/1.jpg	11	1080	1920	3	0.063583	23.2292	889.29	912.583
./image/1.jpg	13	1080	1920	3	0.06554	23.6833	1329.25	1353
./image/1.jpg	15	1080	1920	3	0.067101	23.5969	2043.56	2067.22
./image/2.jpg	3	1025	1644	3	0.067275	19.2095	29.4836	48.7604
./image/2.jpg	5	1025	1644	3	0.066853	18.6309	105.166	123.864
./image/2.jpg	7	1025	1644	3	0.06447	19.9547	287.039	307.059
./image/2.jpg	9	1025	1644	3	0.070511	21.3142	692.306	713.691
./image/2.jpg	11	1025	1644	3	0.06449	19.604	1424.07	1443.74
./image/2.jpg	13	1025	1644	3	0.066093	20.4361	2623.31	2643.81
./image/2.jpg	15	1025	1644	3	0.069595	22.6858	4499.42	4522.18
./image/3.jpg	3	1080	1920	3	0.065482	24.162	29.6335	53.8609
./image/3.jpg	5	1080	1920	3	0.066314	24.515	117.595	142.176
./image/3.jpg	7	1080	1920	3	0.066381	23.2269	305.406	328.7
./image/3.jpg	9	1080	1920	3	0.064077	32.4698	599.985	632.519
./image/3.jpg	11	1080	1920	3	0.070799	23.0766	1367.48	1390.62
./image/3.jpg	13	1080	1920	3	0.065937	24.1593	2408.34	2432.56
./image/3.jpg	15	1080	1920	3	0.066756	24.3526	3890.79	3915.21
./image/4.jpg	3	700	700	3	0.065807	6.21625	29.2004	35.4824
./image/4.jpg	5	700	700	3	0.065434	6.89739	46.2223	53.1851
./image/4.jpg	7	700	700	3	0.063366	6.71714	85.4835	92.264
./image/4.jpg	9	700	700	3	0.067141	6.76062	153.611	160.439
./image/4.jpg	11	700	700	3	0.065625	7.19641	259.552	266.814
./image/4.jpg	13	700	700	3	0.066148	8.17068	429.807	438.044
./image/4.jpg	15	700	700	3	0.070735	8.49485	805.636	814.202
./image/5.jpg	3	600	800	3	0.066483	5.66646	28.2791	34.012
./image/5.jpg	5	600	800	3	0.066064	6.48736	49.2577	55.8111
./image/5.jpg	7	600	800	3	0.069645	6.14191	84.6989	90.9105
./image/5.jpg	9	600	800	3	0.065532	6.19198	150.575	156.833
./image/5.jpg	11	600	800	3	0.064976	6.5659	256.537	263.168
./image/5.jpg	13	600	800	3	0.06615	6.86953	417.391	424.326
./image/5.jpg	15	600	800	3	0.065959	8.30449	656.672	665.042
./image/6.jpg	3	240	240	3	0.065375	0.781797	20.6107	21.4578
./image/6.jpg	5	240	240	3	0.061518	0.976579	30.2147	31.2528
./image/6.jpg	7	240	240	3	0.067444	1.13775	35.7888	36.994
./image/6.jpg	9	240	240	3	0.063981	1.19697	44.183	45.444
./image/6.jpg	11	240	240	3	0.063485	1.42786	69.9832	71.4746
./image/6.jpg	13	240	240	3	0.061108	1.55751	89.588	91.2066
./image/6.jpg	15	240	240	3	0.070481	1.78804	128.155	130.014
./image/7.jpg	3	300	300	3	0.065642	1.33325	26.6061	28.005
./image/7.jpg	5	300	300	3	0.06567	1.58974	18.2632	19.9186
./image/7.jpg	7	300	300	3	0.067505	1.54958	36.5006	38.1177
./image/7.jpg	9	300	300	3	0.065189	1.85331	44.217	46.1355
./image/7.jpg	11	300	300	3	0.06432	1.92737	86.5501	88.5418
./image/7.jpg	13	300	300	3	0.064354	2.12137	118.577	120.763
./image/7.jpg	15	300	300	3	0.064852	2.25895	197.295	199.619
./image/8.jpg	3	400	600	3	0.065009	3.13485	17.7191	20.919
./image/8.jpg	5	400	600	3	0.065849	3.40421	40.2425	43.7125
./image/8.jpg	7	400	600	3	0.065423	3.33762	61.0693	64.4723
./image/8.jpg	9	400	600	3	0.06645	3.23731	89.0297	92.3335
./image/8.jpg	11	400	600	3	0.064687	3.74511	123.147	126.956
./image/8.jpg	13	400	600	3	0.067211	3.84833	159.869	163.784
./image/8.jpg	15	400	600	3	0.067648	4.06509	235.631	239.764
./image/9.jpg	3	400	600	3	0.064834	3.07898	15.03	18.1738
./image/9.jpg	5	400	600	3	0.065882	3.29147	29.9482	33.3056
./image/9.jpg	7	400	600	3	0.069862	3.37038	56.3097	59.7499
./image/9.jpg	9	400	600	3	0.064805	3.37668	87.5901	91.0316
./image/9.jpg	11	400	600	3	0.06615	3.82949	131.269	135.165
./image/9.jpg	13	400	600	3	0.06622	3.8023	187.851	191.72
./image/9.jpg	15	400	600	3	0.063609	4.14509	286.92	291.129
./image/10.jpg	3	361	271	3	0.065069	1.02974	27.8521	28.9469
./image/10.jpg	5	361	271	3	0.063754	1.20928	33.3852	34.6582
./image/10.jpg	7	361	271	3	0.064966	1.33955	41.0257	42.4302
./image/10.jpg	9	361	271	3	0.065427	1.53731	51.3344	52.9372
./image/10.jpg	11	361	271	3	0.062707	1.69962	98.2254	99.9877
./image/10.jpg	13	361	271	3	0.06548	1.8693	155.377	157.312
./image/10.jpg	15	361	271	3	0.064717	2.0445	213.931	216.041
./image/11.jpg	3	1080	1920	3	0.066397	23.7643	34.9725	58.8033
./image/11.jpg	5	1080	1920	3	0.066226	21.3225	135.25	156.638
./image/11.jpg	7	1080	1920	3	0.065546	23.235	318.498	341.798
./image/11.jpg	9	1080	1920	3	0.066139	22.3337	653.861	676.261
./image/11.jpg	11	1080	1920	3	0.06787	23.3809	1205.72	1229.17
./image/11.jpg	13	1080	1920	3	0.065158	23.8861	2030.6	2054.56
./image/11.jpg	15	1080	1920	3	0.066741	24.2084	3239.45	3263.73
./image/12.jpg	3	135	240	3	0.064464	0.513726	29.5648	30.143
./image/12.jpg	5	135	240	3	0.062411	0.572169	32.269	32.9036
./image/12.jpg	7	135	240	3	0.062836	0.662792	35.9349	36.6605
./image/12.jpg	9	135	240	3	0.063613	0.725175	39.4327	40.2215
./image/12.jpg	11	135	240	3	0.07011	0.834047	45.2782	46.1824
./image/12.jpg	13	135	240	3	0.062699	0.978214	38.5046	39.5455
./image/12.jpg	15	135	240	3	0.06445	1.11725	56.1056	57.2873
./image/13.jpg	3	599	960	3	0.065143	7.02773	19.5	26.5929
./image/13.jpg	5	599	960	3	0.064495	7.47512	59.1926	66.7322
./image/13.jpg	7	599	960	3	0.066313	6.63804	103.641	110.345
./image/13.jpg	9	599	960	3	0.064422	8.11249	168.604	176.781
