./image/1.jpg	3	1080	1920	3	0.089475	20.5115	96.2627	116.864
./image/1.jpg	5	1080	1920	3	0.083878	20.386	243.94	264.41
./image/1.jpg	7	1080	1920	3	0.084948	21.2276	383.864	405.177
./image/1.jpg	9	1080	1920	3	0.089922	20.9919	625.207	646.288
./image/1.jpg	11	1080	1920	3	0.085463	20.7926	918.932	939.81
./image/1.jpg	13	1080	1920	3	0.083376	20.818	1049.52	1070.42
./image/1.jpg	15	1080	1920	3	0.084591	21.1995	1517.1	1538.38
./image/2.jpg	3	1025	1644	3	0.084742	16.5528	109.832	126.469
./image/2.jpg	5	1025	1644	3	0.084455	16.5021	198.145	214.732
./image/2.jpg	7	1025	1644	3	0.085015	16.8191	351.715	368.619
./image/2.jpg	9	1025	1644	3	0.081597	17.032	772.817	789.931
./image/2.jpg	11	1025	1644	3	0.083537	17.7966	1336.32	1354.2
./image/2.jpg	13	1025	1644	3	0.082401	17.6452	1827.91	1845.64
./image/2.jpg	15	1025	1644	3	0.084106	17.6465	3065.17	3082.9
./image/3.jpg	3	1080	1920	3	0.090343	19.3106	103.305	122.706
./image/3.jpg	5	1080	1920	3	0.083851	20.2532	266.728	287.065
./image/3.jpg	7	1080	1920	3	0.083555	20.1641	411.982	432.229
./image/3.jpg	9	1080	1920	3	0.084852	20.5554	653.592	674.233
./image/3.jpg	11	1080	1920	3	0.085521	20.8942	945.839	966.819
./image/3.jpg	13	1080	1920	3	0.084403	20.8551	1055.61	1076.55
./image/3.jpg	15	1080	1920	3	0.084382	21.2772	1529.74	1551.1
./image/4.jpg	3	700	700	3	0.085419	4.42775	119.071	123.584
./image/4.jpg	5	700	700	3	0.08185	4.97424	131.6	136.656
./image/4.jpg	7	700	700	3	0.084115	4.53744	141.291	145.912
./image/4.jpg	9	700	700	3	0.078564	4.72241	255.128	259.929
./image/4.jpg	11	700	700	3	0.081768	5.3007	317.746	323.128
./image/4.jpg	13	700	700	3	0.08201	5.53599	423.528	429.146
./image/4.jpg	15	700	700	3	0.083985	5.44422	578.869	584.397
./image/5.jpg	3	600	800	3	0.084001	4.71095	94.3746	99.1696
./image/5.jpg	5	600	800	3	0.087037	4.48268	153.626	158.196
./image/5.jpg	7	600	800	3	0.080258	4.86628	219.247	224.194
./image/5.jpg	9	600	800	3	0.081093	4.4918	218.732	223.305
./image/5.jpg	11	600	800	3	0.081177	4.72109	317.165	321.967
./image/5.jpg	13	600	800	3	0.086789	5.22746	370.048	375.362
./image/5.jpg	15	600	800	3	0.08125	5.18507	580.148	585.415
./image/6.jpg	3	240	240	3	0.083861	0.644487	95.0594	95.7877
./image/6.jpg	5	240	240	3	0.081961	0.696411	153.885	154.663
./image/6.jpg	7	240	240	3	0.083031	0.671937	145.668	146.423
./image/6.jpg	9	240	240	3	0.081311	0.747141	136.186	137.015
./image/6.jpg	11	240	240	3	0.081208	0.80089	117.197	118.079
./image/6.jpg	13	240	240	3	0.082577	0.886236	130.2	131.169
./image/6.jpg	15	240	240	3	0.085925	0.951291	114.591	115.628
./image/7.jpg	3	300	300	3	0.084412	0.906144	109.302	110.292
./image/7.jpg	5	300	300	3	0.084581	0.949915	155.248	156.283
./image/7.jpg	7	300	300	3	0.082308	0.95968	136.415	137.457
./image/7.jpg	9	300	300	3	0.082796	1.02591	96.1623	97.271
./image/7.jpg	11	300	300	3	0.085488	1.06965	107.812	108.967
./image/7.jpg	13	300	300	3	0.088642	1.20281	128.598	129.889
./image/7.jpg	15	300	300	3	0.083158	1.2046	193.022	194.309
./image/8.jpg	3	400	600	3	0.083957	2.18428	112.138	114.406
./image/8.jpg	5	400	600	3	0.087511	2.37262	100.216	102.676
./image/8.jpg	7	400	600	3	0.08183	2.58199	121.591	124.254
./image/8.jpg	9	400	600	3	0.079607	2.54943	158.361	160.99
./image/8.jpg	11	400	600	3	0.084245	2.96748	174.238	177.29
./image/8.jpg	13	400	600	3	0.08518	2.69481	249.394	252.174
./image/8.jpg	15	400	600	3	0.082044	2.95779	312.611	315.65
./image/9.jpg	3	400	600	3	0.083681	2.22291	153.586	155.892
./image/9.jpg	5	400	600	3	0.083861	2.45013	108.642	111.176
./image/9.jpg	7	400	600	3	0.080325	2.43731	102.579	105.097
./image/9.jpg	9	400	600	3	0.082192	2.65716	111.047	113.786
./image/9.jpg	11	400	600	3	0.084506	2.64282	183.945	186.672
./image/9.jpg	13	400	600	3	0.084231	2.71966	266.075	268.879
./image/9.jpg	15	400	600	3	0.082141	2.95955	309.325	312.367
./image/10.jpg	3	361	271	3	0.084462	1.03274	146.628	147.745
./image/10.jpg	5	361	271	3	0.083225	0.98271	167.856	168.922
./image/10.jpg	7	361	271	3	0.082195	1.06883	105.213	106.364
./image/10.jpg	9	361	271	3	0.080083	1.07501	167.724	168.879
./image/10.jpg	11	361	271	3	0.082097	1.20064	204.581	205.864
./image/10.jpg	13	361	271	3	0.079488	1.23346	118.343	119.656
./image/10.jpg	15	361	271	3	0.079413	1.3607	207.781	209.221
./image/11.jpg	3	1080	1920	3	0.085243	19.7993	159.688	179.573
./image/11.jpg	5	1080	1920	3	0.084936	20.0398	250.054	270.178
./image/11.jpg	7	1080	1920	3	0.08259	20.0954	452.513	472.691
./image/11.jpg	9	1080	1920	3	0.086203	20.7888	577.863	598.738
./image/11.jpg	11	1080	1920	3	0.084825	21.0717	989.482	1010.64
./image/11.jpg	13	1080	1920	3	0.084063	20.898	1323.09	1344.07
./image/11.jpg	15	1080	1920	3	0.084528	22.2888	1857.93	1880.31
./image/12.jpg	3	135	240	3	0.081451	0.371959	131.051	131.504
./image/12.jpg	5	135	240	3	0.080161	0.468812	131.856	132.405
./image/12.jpg	7	135	240	3	0.079048	0.473916	180.541	181.094
./image/12.jpg	9	135	240	3	0.079185	0.466751	97.9252	98.4711
./image/12.jpg	11	135	240	3	0.080973	0.531787	162.593	163.206
./image/12.jpg	13	135	240	3	0.079652	0.609201	149.482	150.171
./image/12.jpg	15	135	240	3	0.081698	0.630093	111.564	112.276
./image/13.jpg	3	599	960	3	0.081382	5.24589	127.047	132.374
./image/13.jpg	5	599	960	3	0.080622	5.33374	106.442	111.856
./image/13.jpg	7	599	960	3	0.081785	5.37491	142.459	147.916
./image/13.jpg	9	599	960	3	0.081222	5.6417	296.964	302.687
./image/13.jpg	11	599	960	3	0.081101	5.95831	349.81	355.849
./image/13.jpg	13	599	960	3	0.083458	5.83955	459.044	464.967
./image/13.jpg	15	599	960	3	0.078954	6.50599	592.643	599.228
