./image/1.jpg	3	1080	1920	3	0.064225	19.1886	77.666	96.9189
./image/1.jpg	5	1080	1920	3	0.051078	20.8742	145.249	166.174
./image/1.jpg	7	1080	1920	3	0.050308	19.7283	264.932	284.711
./image/1.jpg	9	1080	1920	3	0.050086	20.2685	417.66	437.978
./image/1.jpg	11	1080	1920	3	0.05132	20.8191	599.403	620.273
./image/1.jpg	13	1080	1920	3	0.052192	21.2727	901.666	922.991
./image/1.jpg	15	1080	1920	3	0.050325	22.0663	1243.99	1266.11
./image/2.jpg	3	1025	1644	3	0.05262	17.6268	47.1095	64.7889
./image/2.jpg	5	1025	1644	3	0.051524	17.8867	159.093	177.031
./image/2.jpg	7	1025	1644	3	0.050093	16.8177	275.764	292.632
./image/2.jpg	9	1025	1644	3	0.050459	17.4105	495.211	512.672
./image/2.jpg	11	1025	1644	3	0.049585	18.2102	853.998	872.258
./image/2.jpg	13	1025	1644	3	0.051704	17.3502	1541.4	1558.81
./image/2.jpg	15	1025	1644	3	0.050034	18.119	2587.2	2605.37
./image/3.jpg	3	1080	1920	3	0.05269	19.7224	75.4359	95.211
./image/3.jpg	5	1080	1920	3	0.050434	21.5174	181.141	202.709
./image/3.jpg	7	1080	1920	3	0.049399	19.7701	431.659	451.479
./image/3.jpg	9	1080	1920	3	0.051356	20.5193	511.786	532.357
./image/3.jpg	11	1080	1920	3	0.050004	20.1115	619.939	640.1
./image/3.jpg	13	1080	1920	3	0.050607	20.4836	858.746	879.28
./image/3.jpg	15	1080	1920	3	0.049007	21.1013	1195.9	1217.05
./image/4.jpg	3	700	700	3	0.052614	5.15424	37.7749	42.9817
./image/4.jpg	5	700	700	3	0.049074	5.06169	35.6797	40.7905
./image/4.jpg	7	700	700	3	0.050637	4.85158	106.621	111.523
./image/4.jpg	9	700	700	3	0.049599	5.33048	158.153	163.533
./image/4.jpg	11	700	700	3	0.049237	5.16519	207.085	212.3
./image/4.jpg	13	700	700	3	0.049665	5.59033	270.646	276.286
./image/4.jpg	15	700	700	3	0.048444	5.88702	356.36	362.295
./image/5.jpg	3	600	800	3	0.050895	5.21139	25.9806	31.2429
./image/5.jpg	5	600	800	3	0.048825	4.77038	39.2449	44.0641
./image/5.jpg	7	600	800	3	0.048933	5.40664	113.508	118.963
./image/5.jpg	9	600	800	3	0.04822	5.3289	158.178	163.556
./image/5.jpg	11	600	800	3	0.05674	5.07417	280.129	285.26
./image/5.jpg	13	600	800	3	0.049321	5.21452	300.628	305.891
./image/5.jpg	15	600	800	3	0.048792	5.10929	365.375	370.533
./image/6.jpg	3	240	240	3	0.050504	0.729391	26.6537	27.4336
./image/6.jpg	5	240	240	3	0.049251	0.670157	26.5965	27.3159
./image/6.jpg	7	240	240	3	0.051144	0.727988	19.4504	20.2296
./image/6.jpg	9	240	240	3	0.048179	0.796085	28.4286	29.2729
./image/6.jpg	11	240	240	3	0.052281	0.864659	62.9979	63.9148
./image/6.jpg	13	240	240	3	0.04735	0.974162	48.3887	49.4102
./image/6.jpg	15	240	240	3	0.045952	1.22326	64.6309	65.9001
./image/7.jpg	3	300	300	3	0.050011	1.17035	26.1547	27.3751
./image/7.jpg	5	300	300	3	0.046035	0.915238	26.4684	27.4297
./image/7.jpg	7	300	300	3	0.049308	1.09818	26.6271	27.7746
./image/7.jpg	9	300	300	3	0.048972	1.15482	46.7425	47.9463
./image/7.jpg	11	300	300	3	0.046824	1.36224	53.2243	54.6334
./image/7.jpg	13	300	300	3	0.04779	1.53043	104.027	105.605
./image/7.jpg	15	300	300	3	0.048179	1.50537	126.219	127.773
./image/8.jpg	3	400	600	3	0.050977	2.70557	12.5448	15.3013
./image/8.jpg	5	400	600	3	0.046533	2.64564	22.8577	25.5499
./image/8.jpg	7	400	600	3	0.048512	2.41414	49.742	52.2046
./image/8.jpg	9	400	600	3	0.052419	2.63763	89.4274	92.1174
./image/8.jpg	11	400	600	3	0.049961	2.78427	159.379	162.213
./image/8.jpg	13	400	600	3	0.049571	2.64367	193.92	196.614
./image/8.jpg	15	400	600	3	0.048976	2.91745	221.962	224.929
./image/9.jpg	3	400	600	3	0.049305	2.84535	7.25289	10.1475
./image/9.jpg	5	400	600	3	0.049523	2.49019	29.7276	32.2673
./image/9.jpg	7	400	600	3	0.047114	2.52102	48.5752	51.1434
./image/9.jpg	9	400	600	3	0.046183	2.50987	101.14	103.696
./image/9.jpg	11	400	600	3	0.049583	2.82702	179.136	182.012
./image/9.jpg	13	400	600	3	0.054519	2.67554	210.295	213.025
./image/9.jpg	15	400	600	3	0.048308	2.90778	248.454	251.41
./image/10.jpg	3	361	271	3	0.049487	0.843207	26.4959	27.3886
./image/10.jpg	5	361	271	3	0.04787	0.911963	23.8252	24.785
./image/10.jpg	7	361	271	3	0.048141	1.03829	45.3404	46.4268
./image/10.jpg	9	361	271	3	0.046725	1.07851	48.8517	49.9769
./image/10.jpg	11	361	271	3	0.049917	1.22916	55.3106	56.5897
./image/10.jpg	13	361	271	3	0.050153	1.2441	95.849	97.1432
./image/10.jpg	15	361	271	3	0.047655	1.33073	120.405	121.784
./image/11.jpg	3	1080	1920	3	0.052943	20.5957	69.0071	89.6558
./image/11.jpg	5	1080	1920	3	0.050961	21.6464	169.405	191.102
./image/11.jpg	7	1080	1920	3	0.053855	21.1852	273.577	294.816
./image/11.jpg	9	1080	1920	3	0.049763	21.5876	444.076	465.714
./image/11.jpg	11	1080	1920	3	0.050896	20.3818	660.935	681.368
./image/11.jpg	13	1080	1920	3	0.051517	21.3549	983.36	1004.77
./image/11.jpg	15	1080	1920	3	0.04982	20.9399	1480.56	1501.55
./image/12.jpg	3	135	240	3	0.04861	0.436606	25.6342	26.1195
./image/12.jpg	5	135	240	3	0.047045	0.414992	14.9477	15.4097
./image/12.jpg	7	135	240	3	0.044755	0.508335	26.58	27.133
./image/12.jpg	9	135	240	3	0.045602	0.580919	21.0198	21.6463
./image/12.jpg	11	135	240	3	0.045759	0.620937	18.6904	19.3571
./image/12.jpg	13	135	240	3	0.043579	0.630837	32.0349	32.7094
./image/12.jpg	15	135	240	3	0.046111	0.615265	46.8244	47.4858
./image/13.jpg	3	599	960	3	0.048918	6.35332	18.531	24.9332
./image/13.jpg	5	599	960	3	0.049248	5.77918	53.9163	59.7447
./image/13.jpg	7	599	960	3	0.049719	5.42546	103.831	109.306
./image/13.jpg	9	599	960	3	0.050768	5.62574	242.159	247.836
./image/13.jpg	11	599	960	3	0.048364	5.96806	283.491	289.508
./image/13.jpg	13	599	960	3	0.04862	5.61394	329.255	334.918
./image/13.jpg	15	599	960	3	0.048152	6.17416	438.629	444.852
