./image/1.jpg	3	1080	1920	3	0.052312	18.6697	152.526	171.248
./image/1.jpg	5	1080	1920	3	0.028423	19.2112	572.221	591.461
./image/1.jpg	7	1080	1920	3	0.02856	19.8905	1249.93	1269.85
./image/1.jpg	9	1080	1920	3	0.027455	20.274	2248.17	2268.47
./image/1.jpg	11	1080	1920	3	0.028479	20.0929	3589.73	3609.85
./image/1.jpg	13	1080	1920	3	0.029277	20.0049	5603.36	5623.39
./image/1.jpg	15	1080	1920	3	0.028801	19.67	8406.02	8425.72
./image/2.jpg	3	1025	1644	3	0.028323	15.312	113.463	128.803
./image/2.jpg	5	1025	1644	3	0.028351	15.6268	444.325	459.98
./image/2.jpg	7	1025	1644	3	0.027467	16.6882	1164.89	1181.6
./image/2.jpg	9	1025	1644	3	0.027631	17.2667	2787.56	2804.85
./image/2.jpg	11	1025	1644	3	0.027743	15.8081	5636.06	5651.9
./image/2.jpg	13	1025	1644	3	0.028254	16.3	10190.8	10207.1
./image/2.jpg	15	1025	1644	3	0.02772	16.6677	16982.5	16999.2
./image/3.jpg	3	1080	1920	3	0.027193	20.2577	160.533	180.818
./image/3.jpg	5	1080	1920	3	0.028048	19.5905	587.009	606.627
./image/3.jpg	7	1080	1920	3	0.028792	18.7089	1296.7	1315.44
./image/3.jpg	9	1080	1920	3	0.027941	19.6983	2341.5	2361.23
./image/3.jpg	11	1080	1920	3	0.028088	20.8766	3750.1	3771
./image/3.jpg	13	1080	1920	3	0.028148	19.1269	5518.07	5537.22
./image/3.jpg	15	1080	1920	3	0.028136	20.1923	7776.3	7796.52
./image/4.jpg	3	700	700	3	0.028093	4.72628	42.2172	46.9716
./image/4.jpg	5	700	700	3	0.027723	5.21065	142.474	147.713
./image/4.jpg	7	700	700	3	0.026811	5.29904	311.566	316.892
./image/4.jpg	9	700	700	3	0.028153	4.68105	556.832	561.542
./image/4.jpg	11	700	700	3	0.027031	5.18936	885.516	890.733
./image/4.jpg	13	700	700	3	0.027022	5.33019	1302.91	1308.27
./image/4.jpg	15	700	700	3	0.027095	5.07553	1832.71	1837.81
./image/5.jpg	3	600	800	3	0.027777	4.75454	39.2396	44.0219
./image/5.jpg	5	600	800	3	0.027359	4.9266	135.322	140.276
./image/5.jpg	7	600	800	3	0.02733	4.81432	293.809	298.65
./image/5.jpg	9	600	800	3	0.026708	4.74119	561.029	565.797
./image/5.jpg	11	600	800	3	0.027494	5.12934	980.436	985.593
./image/5.jpg	13	600	800	3	0.027383	4.97263	1560.82	1565.82
./image/5.jpg	15	600	800	3	0.027836	4.98861	2388.25	2393.27
./image/6.jpg	3	240	240	3	0.026966	0.598757	12.6625	13.2882
./image/6.jpg	5	240	240	3	0.025946	0.657642	24.5174	25.201
./image/6.jpg	7	240	240	3	0.026073	0.626817	43.213	43.8659
./image/6.jpg	9	240	240	3	0.026425	0.6267	72.9585	73.6116
./image/6.jpg	11	240	240	3	0.026833	0.679594	119.655	120.362
./image/6.jpg	13	240	240	3	0.025554	0.747595	177.61	178.384
./image/6.jpg	15	240	240	3	0.025873	0.739897	257.792	258.558
./image/7.jpg	3	300	300	3	0.026563	0.922707	14.6936	15.6428
./image/7.jpg	5	300	300	3	0.025892	1.00016	32.8982	33.9242
./image/7.jpg	7	300	300	3	0.026478	0.973269	63.7317	64.7315
./image/7.jpg	9	300	300	3	0.025825	1.0027	110.425	111.453
./image/7.jpg	11	300	300	3	0.025798	1.02728	177.129	178.183
./image/7.jpg	13	300	300	3	0.026051	1.0923	269.857	270.976
./image/7.jpg	15	300	300	3	0.028198	1.04307	388.96	390.031
./image/8.jpg	3	400	600	3	0.025911	2.49506	25.401	27.9219
./image/8.jpg	5	400	600	3	0.026386	2.52974	75.1449	77.701
./image/8.jpg	7	400	600	3	0.026086	2.45567	158.326	160.808
./image/8.jpg	9	400	600	3	0.026586	2.46041	280.677	283.164
./image/8.jpg	11	400	600	3	0.026046	2.60297	445.213	447.842
./image/8.jpg	13	400	600	3	0.026518	2.75775	648.343	651.127
./image/8.jpg	15	400	600	3	0.026154	2.8712	904.095	906.992
./image/9.jpg	3	400	600	3	0.025958	2.42455	23.9499	26.4004
./image/9.jpg	5	400	600	3	0.02605	2.69125	73.0857	75.803
./image/9.jpg	7	400	600	3	0.025269	2.47242	153.205	155.703
./image/9.jpg	9	400	600	3	0.02593	2.50303	270.623	273.152
./image/9.jpg	11	400	600	3	0.026803	2.74688	437.689	440.463
./image/9.jpg	13	400	600	3	0.026415	2.6728	667.328	670.027
./image/9.jpg	15	400	600	3	0.025593	2.86195	958.101	960.988
./image/10.jpg	3	361	271	3	0.025999	0.963054	15.7951	16.7841
./image/10.jpg	5	361	271	3	0.025653	1.01286	42.5427	43.5813
./image/10.jpg	7	361	271	3	0.026939	1.09557	87.3776	88.5001
./image/10.jpg	9	361	271	3	0.025505	1.11434	156.875	158.015
./image/10.jpg	11	361	271	3	0.02748	1.0878	256.405	257.521
./image/10.jpg	13	361	271	3	0.025964	1.06414	382.137	383.227
./image/10.jpg	15	361	271	3	0.026543	1.14922	552.356	553.532
./image/11.jpg	3	1080	1920	3	0.027888	18.3288	153.707	172.064
./image/11.jpg	5	1080	1920	3	0.027435	18.7728	577.202	596.002
./image/11.jpg	7	1080	1920	3	0.02831	19.5118	1324.56	1344.1
./image/11.jpg	9	1080	1920	3	0.029021	19.8192	2531.97	2551.81
./image/11.jpg	11	1080	1920	3	0.028948	20.6109	4279.74	4300.38
./image/11.jpg	13	1080	1920	3	0.027643	19.3663	6640.57	6659.96
./image/11.jpg	15	1080	1920	3	0.027972	19.7451	9906.51	9926.28
./image/12.jpg	3	135	240	3	0.025598	0.354731	4.02416	4.40448
./image/12.jpg	5	135	240	3	0.024086	0.359537	10.4183	10.8019
./image/12.jpg	7	135	240	3	0.023746	0.370634	21.6129	22.0073
./image/12.jpg	9	135	240	3	0.024355	0.396928	39.9748	40.3961
./image/12.jpg	11	135	240	3	0.025037	0.435076	60.2565	60.7166
./image/12.jpg	13	135	240	3	0.024979	0.443897	89.0686	89.5374
./image/12.jpg	15	135	240	3	0.023734	0.477666	125.844	126.345
./image/13.jpg	3	599	960	3	0.027429	5.63014	44.8781	50.5356
./image/13.jpg	5	599	960	3	0.027806	5.70793	163.872	169.607
./image/13.jpg	7	599	960	3	0.027376	5.92741	360.336	366.291
./image/13.jpg	9	599	960	3	0.027296	5.62849	649.241	654.897
./image/13.jpg	11	599	960	3	0.027781	5.97254	1038.61	1044.61
./image/13.jpg	13	599	960	3	0.026756	5.70591	1516.71	1522.44
./image/13.jpg	15	599	960	3	0.026958	6.29183	2121.54	2127.86
