./image/1.jpg	3	1080	1920	3	0.068668	21.5879	39.0023	60.6588
./image/1.jpg	5	1080	1920	3	0.067145	25.052	130.194	155.313
./image/1.jpg	7	1080	1920	3	0.066611	23.6511	283.358	307.075
./image/1.jpg	9	1080	1920	3	0.067443	22.7766	515.334	538.178
./image/1.jpg	11	1080	1920	3	0.065365	23.7727	829.009	852.847
./image/1.jpg	13	1080	1920	3	0.07169	24.3001	1266.18	1290.55
./image/1.jpg	15	1080	1920	3	0.065927	23.5704	1899.34	1922.97
./image/2.jpg	3	1025	1644	3	0.067103	18.6722	36.4429	55.1822
./image/2.jpg	5	1025	1644	3	0.066364	19.7227	113.847	133.636
./image/2.jpg	7	1025	1644	3	0.073412	18.8487	279.005	297.927
./image/2.jpg	9	1025	1644	3	0.065818	19.5281	656.024	675.618
./image/2.jpg	11	1025	1644	3	0.066677	19.913	1340.11	1360.09
./image/2.jpg	13	1025	1644	3	0.066949	20.768	2459.81	2480.65
./image/2.jpg	15	1025	1644	3	0.065927	21.0146	4182.4	4203.48
./image/3.jpg	3	1080	1920	3	0.067688	24.1376	45.6583	69.8635
./image/3.jpg	5	1080	1920	3	0.067403	20.3571	141.087	161.512
./image/3.jpg	7	1080	1920	3	0.066924	22.6181	297.521	320.206
./image/3.jpg	9	1080	1920	3	0.065577	23.4362	534.371	557.873
./image/3.jpg	11	1080	1920	3	0.064854	23.7022	852.116	875.883
./image/3.jpg	13	1080	1920	3	0.069965	28.1943	1741.47	1769.73
./image/3.jpg	15	1080	1920	3	0.065728	31.4085	2135.67	2167.14
./image/4.jpg	3	700	700	3	0.065845	5.87746	35.488	41.4313
./image/4.jpg	5	700	700	3	0.066302	6.70488	43.0634	49.8346
./image/4.jpg	7	700	700	3	0.064267	6.40674	95.5794	102.05
./image/4.jpg	9	700	700	3	0.071808	6.86811	151.986	158.926
./image/4.jpg	11	700	700	3	0.064544	6.69052	224.354	231.109
./image/4.jpg	13	700	700	3	0.065659	8.05627	318.714	326.836
./image/4.jpg	15	700	700	3	0.065194	8.23762	441.447	449.75
./image/5.jpg	3	600	800	3	0.066136	6.01572	23.3754	29.4573
./image/5.jpg	5	600	800	3	0.066467	6.37645	45.7523	52.1952
./image/5.jpg	7	600	800	3	0.065754	5.89052	94.0298	99.9861
./image/5.jpg	9	600	800	3	0.064746	6.57148	145.62	152.256
./image/5.jpg	11	600	800	3	0.063818	6.52746	231.405	237.996
./image/5.jpg	13	600	800	3	0.065959	6.75647	349.047	355.87
./image/5.jpg	15	600	800	3	0.06584	7.96974	515.428	523.463
./image/6.jpg	3	240	240	3	0.070507	0.804041	33.3095	34.1841
./image/6.jpg	5	240	240	3	0.064635	0.916806	38.5638	39.5453
./image/6.jpg	7	240	240	3	0.062633	1.1483	41.4899	42.7009
./image/6.jpg	9	240	240	3	0.070057	1.36465	47.9753	49.41
./image/6.jpg	11	240	240	3	0.064812	1.45677	57.3036	58.8252
./image/6.jpg	13	240	240	3	0.065532	1.56901	68.5083	70.1429
./image/6.jpg	15	240	240	3	0.062827	1.74106	85.3146	87.1185
./image/7.jpg	3	300	300	3	0.071701	1.3032	32.7784	34.1533
./image/7.jpg	5	300	300	3	0.064538	1.56522	38.5202	40.15
./image/7.jpg	7	300	300	3	0.065845	1.37649	46.2679	47.7103
./image/7.jpg	9	300	300	3	0.063644	1.7809	56.4225	58.2671
./image/7.jpg	11	300	300	3	0.064857	1.97135	72.2521	74.2883
./image/7.jpg	13	300	300	3	0.063644	2.10464	91.2021	93.3704
./image/7.jpg	15	300	300	3	0.065509	2.31591	119.562	121.944
./image/8.jpg	3	400	600	3	0.065416	3.05487	34.2449	37.3651
./image/8.jpg	5	400	600	3	0.063919	3.13335	45.5432	48.7404
./image/8.jpg	7	400	600	3	0.065515	3.20384	65.8307	69.1
./image/8.jpg	9	400	600	3	0.064833	3.37973	91.3235	94.768
./image/8.jpg	11	400	600	3	0.066335	3.59928	133.087	136.753
./image/8.jpg	13	400	600	3	0.067468	3.97816	179.362	183.408
./image/8.jpg	15	400	600	3	0.063814	4.11744	235.968	240.149
./image/9.jpg	3	400	600	3	0.064374	2.92361	34.4052	37.3932
./image/9.jpg	5	400	600	3	0.065506	3.50179	32.0175	35.5848
./image/9.jpg	7	400	600	3	0.065467	3.09096	65.2134	68.3698
./image/9.jpg	9	400	600	3	0.066669	3.33039	91.4447	94.8418
./image/9.jpg	11	400	600	3	0.064739	3.60288	133.067	136.735
./image/9.jpg	13	400	600	3	0.065658	3.76294	182.995	186.823
./image/9.jpg	15	400	600	3	0.064625	4.11927	248.52	252.704
./image/10.jpg	3	361	271	3	0.065347	1.04559	35.4265	36.5374
./image/10.jpg	5	361	271	3	0.064772	1.22042	39.8954	41.1806
./image/10.jpg	7	361	271	3	0.065112	1.35864	49.4975	50.9213
./image/10.jpg	9	361	271	3	0.06415	1.54868	58.9078	60.5206
./image/10.jpg	11	361	271	3	0.065322	1.71486	75.9155	77.6957
./image/10.jpg	13	361	271	3	0.067446	1.89441	108.368	110.329
./image/10.jpg	15	361	271	3	0.065712	2.07378	131.826	133.966
./image/11.jpg	3	1080	1920	3	0.066993	20.775	50.3214	71.1634
./image/11.jpg	5	1080	1920	3	0.065702	24.0918	122.296	146.454
./image/11.jpg	7	1080	1920	3	0.066032	23.5379	312.498	336.102
./image/11.jpg	9	1080	1920	3	0.06644	23.3265	595.774	619.166
./image/11.jpg	11	1080	1920	3	0.065764	23.5302	1044.38	1067.97
./image/11.jpg	13	1080	1920	3	0.070448	24.6139	1643.9	1668.59
./image/11.jpg	15	1080	1920	3	0.064604	24.5589	2488.51	2513.14
./image/12.jpg	3	135	240	3	0.064913	0.476171	36.4347	36.9758
./image/12.jpg	5	135	240	3	0.064039	0.589328	38.8381	39.4914
./image/12.jpg	7	135	240	3	0.064037	0.705477	30.9812	31.7507
./image/12.jpg	9	135	240	3	0.063794	0.723785	45.8803	46.6678
./image/12.jpg	11	135	240	3	0.06314	0.911696	37.4373	38.4121
./image/12.jpg	13	135	240	3	0.063654	0.966891	55.9933	57.0238
./image/12.jpg	15	135	240	3	0.065188	1.05033	65.3008	66.4163
./image/13.jpg	3	599	960	3	0.065347	6.84283	39.1572	46.0654
./image/13.jpg	5	599	960	3	0.065184	7.45027	66.5081	74.0236
./image/13.jpg	7	599	960	3	0.066334	7.32003	113.591	120.977
./image/13.jpg	9	599	960	3	0.067116	7.73875	177.109	184.915
./image/13.jpg	11	599	960	3	0.067261	7.74659	243.998	251.811
./image/13.jpg	13	599	960	3	0.065792	8.48591	372.357	380.909
./image/13.jpg	15	599	960	3	0.066398	8.83458	508.515	517.416
