./image/1.jpg	3	1080	1920	3	0.005459	19.2221	1152.94	1172.17
./image/1.jpg	5	1080	1920	3	0.005192	20.2175	4723.81	4744.03
./image/1.jpg	7	1080	1920	3	0.004653	20.0156	11362.2	11382.2
./image/1.jpg	9	1080	1920	3	0.005152	20.807	21865.3	21886.2
./image/1.jpg	11	1080	1920	3	0.00485	20.8607	38148.8	38169.7
./image/1.jpg	13	1080	1920	3	0.005004	20.5916	61674.5	61695.1
./image/1.jpg	15	1080	1920	3	0.005055	19.7819	94216.2	94236
./image/2.jpg	3	1025	1644	3	0.011973	17.946	1126.2	1144.16
./image/2.jpg	5	1025	1644	3	0.005122	17.1211	5555.16	5572.28
./image/2.jpg	7	1025	1644	3	0.005388	18.6987	15790.6	15809.3
./image/2.jpg	9	1025	1644	3	0.004794	18.2805	35879.8	35898
./image/2.jpg	11	1025	1644	3	0.004601	19.2048	69345.8	69365
./image/2.jpg	13	1025	1644	3	0.005806	18.9336	122136	122155
./image/2.jpg	15	1025	1644	3	0.00526	18.2584	198404	198422
./image/3.jpg	3	1080	1920	3	0.005548	20.2591	1187.36	1207.63
./image/3.jpg	5	1080	1920	3	0.005218	19.4474	4535.1	4554.55
./image/3.jpg	7	1080	1920	3	0.005426	20.5012	10561.3	10581.8
./image/3.jpg	9	1080	1920	3	0.004941	20.5192	20310.8	20331.3
./image/3.jpg	11	1080	1920	3	0.004916	19.5728	33033.3	33052.9
./image/3.jpg	13	1080	1920	3	0.004712	19.0897	50341.2	50360.3
./image/3.jpg	15	1080	1920	3	0.00584	19.3653	73992.9	74012.2
./image/4.jpg	3	700	700	3	0.004848	7.99449	547.575	555.575
./image/4.jpg	5	700	700	3	0.00502	8.06838	1911.38	1919.46
./image/4.jpg	7	700	700	3	0.005229	8.02348	4402.51	4410.54
./image/4.jpg	9	700	700	3	0.004671	8.43351	8267.96	8276.4
./image/4.jpg	11	700	700	3	0.004922	8.91591	13731.4	13740.3
./image/4.jpg	13	700	700	3	0.005812	8.93599	21171.5	21180.4
./image/4.jpg	15	700	700	3	0.005266	8.47572	30516.9	30525.3
./image/5.jpg	3	600	800	3	0.004722	6.11673	359.769	365.89
./image/5.jpg	5	600	800	3	0.004768	5.87201	1516.68	1522.56
./image/5.jpg	7	600	800	3	0.005195	6.17621	3729.53	3735.71
./image/5.jpg	9	600	800	3	0.004966	6.05763	7456.61	7462.68
./image/5.jpg	11	600	800	3	0.005059	6.57811	12921.1	12927.7
./image/5.jpg	13	600	800	3	0.005518	6.07293	20833.4	20839.5
./image/5.jpg	15	600	800	3	0.005355	7.21008	34317.6	34324.8
./image/6.jpg	3	240	240	3	0.004444	1.03923	61.1465	62.1902
./image/6.jpg	5	240	240	3	0.006406	1.19266	235.654	236.853
./image/6.jpg	7	240	240	3	0.006298	1.13497	542.348	543.49
./image/6.jpg	9	240	240	3	0.006471	1.14212	1016.36	1017.51
./image/6.jpg	11	240	240	3	0.004576	1.14373	1712.75	1713.9
./image/6.jpg	13	240	240	3	0.007244	1.15522	2700.66	2701.83
./image/6.jpg	15	240	240	3	0.004663	1.1768	3979.3	3980.49
./image/7.jpg	3	300	300	3	0.006008	1.75154	93.1588	94.9164
./image/7.jpg	5	300	300	3	0.004601	1.69475	361.284	362.983
./image/7.jpg	7	300	300	3	0.003492	1.7777	875.828	877.61
./image/7.jpg	9	300	300	3	0.004882	1.80865	1627.3	1629.11
./image/7.jpg	11	300	300	3	0.005132	1.69814	2866.87	2868.58
./image/7.jpg	13	300	300	3	0.004698	1.75848	4407.36	4409.12
./image/7.jpg	15	300	300	3	0.004772	1.87706	6539.88	6541.77
./image/8.jpg	3	400	600	3	0.005383	2.76019	160.601	163.367
./image/8.jpg	5	400	600	3	0.006937	3.17612	634.225	637.408
./image/8.jpg	7	400	600	3	0.005411	2.92686	1467.6	1470.54
./image/8.jpg	9	400	600	3	0.005238	3.11505	2681.27	2684.39
./image/8.jpg	11	400	600	3	0.006299	3.09101	4556.73	4559.82
./image/8.jpg	13	400	600	3	0.007825	2.93007	6971.28	6974.22
./image/8.jpg	15	400	600	3	0.005311	3.02242	10002.4	10005.4
./image/9.jpg	3	400	600	3	0.006041	2.84744	166.377	169.231
./image/9.jpg	5	400	600	3	0.007571	3.11446	668.25	671.372
./image/9.jpg	7	400	600	3	0.006109	3.13858	1575.2	1578.35
./image/9.jpg	9	400	600	3	0.005207	2.95949	2995.01	2997.98
./image/9.jpg	11	400	600	3	0.005653	3.23856	5068.08	5071.32
./image/9.jpg	13	400	600	3	0.00566	2.94142	7840.18	7843.12
./image/9.jpg	15	400	600	3	0.005664	3.14812	11510.3	11513.5
./image/10.jpg	3	361	271	3	0.007224	2.16161	138.759	140.928
./image/10.jpg	5	361	271	3	0.00379	2.36113	618.103	620.468
./image/10.jpg	7	361	271	3	0.004697	2.44169	1810.68	1813.13
./image/10.jpg	9	361	271	3	0.003784	2.40511	3797.64	3800.05
./image/10.jpg	11	361	271	3	0.00479	2.44707	7046.75	7049.2
./image/10.jpg	13	361	271	3	0.006299	2.51052	12453.3	12455.8
./image/10.jpg	15	361	271	3	0.004991	2.54162	20642.4	20644.9
./image/11.jpg	3	1080	1920	3	0.005036	19.0761	1212.67	1231.75
./image/11.jpg	5	1080	1920	3	0.004581	19.1166	4789.4	4808.52
./image/11.jpg	7	1080	1920	3	0.004849	18.9766	11515.4	11534.4
./image/11.jpg	9	1080	1920	3	0.005149	19.3027	22192.6	22211.9
./image/11.jpg	11	1080	1920	3	0.006025	21.3819	38576.4	38597.8
./image/11.jpg	13	1080	1920	3	0.005967	20.3969	60135.7	60156.1
./image/11.jpg	15	1080	1920	3	0.004975	19.3709	91180.5	91199.9
./image/12.jpg	3	135	240	3	0.004558	0.411974	18.632	19.0485
./image/12.jpg	5	135	240	3	0.006831	0.381496	72.4333	72.8216
./image/12.jpg	7	135	240	3	0.005191	0.366405	166.367	166.738
./image/12.jpg	9	135	240	3	0.00506	0.395616	310.908	311.309
./image/12.jpg	11	135	240	3	0.008241	0.401952	517.533	517.943
./image/12.jpg	13	135	240	3	0.005147	0.401835	801.729	802.136
./image/12.jpg	15	135	240	3	0.006868	0.386576	1167.45	1167.85
./image/13.jpg	3	599	960	3	0.006554	6.6648	380.287	386.959
./image/13.jpg	5	599	960	3	0.469715	5.59326	1381.05	1387.12
./image/13.jpg	7	599	960	3	0.005576	5.93248	3228.97	3234.91
./image/13.jpg	9	599	960	3	0.004369	6.16642	6031.57	6037.74
./image/13.jpg	11	599	960	3	0.005366	6.18544	9982.16	9988.35
./image/13.jpg	13	599	960	3	0.005995	6.52209	15146.8	15153.3
./image/13.jpg	15	599	960	3	0.005762	6.59	21156.5	21163.1
